Problem 1: 
After 1 times V-cycle, residual is:
39.8017
78.6655
115.688
150.031
180.954
207.836
230.194
247.698
260.175
267.608
270.128
268.002
261.612
251.439
238.032
221.99
203.932
184.475
164.217
143.713
123.463
103.905
85.401
68.2406
52.6367
38.7303
26.5953
16.2461
7.6451
0.712306
-4.6659
-8.62775
-11.3278
-12.9295
-13.5984
-13.497
-12.7801
-11.5918
-10.0627
-8.30857
-6.42998
-4.51183
-2.62394
-0.821942
0.851669
2.36619
3.7013
4.84564
5.79537
6.55283
7.12524
7.52361
7.76167
7.85498
7.82019
7.67439
7.43458
7.11724
6.73807
6.31168
5.85149
5.36961
4.87678
4.3824
3.89453
3.41998
2.96433
2.53208
2.12671
1.7508
1.4061
1.09366
0.813913
0.566754
0.351644
0.16767
0.0136227
-0.111944
-0.210659
-0.284281
-0.33466
-0.363698
-0.373318
-0.36544
-0.341953
-0.304702
-0.255472
-0.195975
-0.127839
-0.0526052
0.0282798
0.113466
0.201703
0.291838
0.382819
0.473689
0.563588
0.651745
0.737481
0.820201
0.899389
0.974609
1.0455
1.11175
1.17314
1.22949
1.28068
1.32663
1.36733
1.40279
1.43305
1.45822
1.47839
1.49372
1.50437
1.51051
1.51236
1.51012
1.50402
1.49429
1.48116
1.46488
1.44569
1.42384
1.39957
1.37312
1.34472
1.31461
1.28301
1.25014
1.21621
1.18143
1.14597
1.11004
1.0738
1.03742
1.00105
0.964848
0.928939
0.893451
0.8585
0.824193
0.790627
0.757888
0.726056
0.695201
0.665384
0.636659
0.609072
0.582661
0.557457
0.533487
0.510767
0.48931
0.469125
0.450212
0.432568
0.416187
0.401056
0.387161
0.374482
0.362997
0.352681
0.343507
0.335445
0.328463
0.322528
0.317604
0.313655
0.310644
0.308531
0.307278
0.306846
0.307193
0.308281
0.310068
0.312516
0.315582
0.319229
0.323417
0.328108
0.333263
0.338844
0.344817
0.351144
0.357791
0.364724
0.37191
0.379317
0.386914
0.394671
0.40256
0.410553
0.418623
0.426745
0.434895
0.443048
0.451184
0.459281
0.467319
0.47528
0.483145
0.490898
0.498523
0.506005
0.513332
0.52049
0.527468
0.534254
0.540839
0.547215
0.553372
0.559303
0.565003
0.570465
0.575684
0.580656
0.585378
0.589846
0.594059
0.598014
0.601712
0.60515
0.608329
0.61125
0.613914
0.616323
0.618477
0.62038
0.622034
0.623443
0.624609
0.625536
0.626229
0.626692
0.626928
0.626944
0.626744
0.626333
0.625716
0.6249
0.623889
0.62269
0.621308
0.619749
0.61802
0.616127
0.614075
0.611871
0.609521
0.607032
0.60441
0.601661
0.598791
0.595807
0.592714
0.589519
0.586229
0.582848
0.579384
0.575841
0.572226
0.568545
0.564803
0.561006
0.557159
0.553268
0.549337
0.545373
0.541379
0.537362
0.533325
0.529273
0.525212
0.521145
0.517076
0.51301
0.508952
0.504903
0.50087
0.496854
0.492861
0.488892
0.484952
0.481043
0.477168
0.473331
0.469533
0.465779
0.462069
0.458407
0.454794
0.451234
0.447727
0.444275
0.440882
0.437547
0.434272
0.43106
0.427911
0.424827
0.421808
0.418856
0.415972
0.413156
0.410409
0.407731
0.405124
0.402588
0.400123
0.397729
0.395407
0.393156
0.390977
0.38887
0.386835
0.38487
0.382978
0.381156
0.379405
0.377724
0.376113
0.374571
0.373098
0.371693
0.370355
0.369084
0.36788
0.36674
0.365665
0.364653
0.363704
0.362817
0.36199
0.361223
0.360516
0.359865
0.359272
0.358734
0.35825
0.35782
0.357443
0.357116
0.356839
0.356611
0.356431
0.356297
0.356208
0.356163
0.356161
0.356201
0.356281
0.3564
0.356557
0.35675
0.356979
0.357242
0.357538
0.357866
0.358224
0.358612
0.359028
0.359471
0.359939
0.360433
0.360949
0.361488
0.362048
0.362628
0.363227
0.363844
0.364477
0.365126
0.36579
0.366467
0.367156
0.367857
0.368568
0.369288
0.370017
0.370753
0.371496
0.372244
0.372996
0.373753
0.374512
0.375274
0.376036
0.376799
0.377561
0.378322
0.37908
0.379836
0.380588
0.381336
0.382079
0.382816
0.383547
0.384271
0.384987
0.385695
0.386393
0.387083
0.387762
0.388431
0.389089
0.389735
0.390369
0.39099
0.391599
0.392194
0.392775
0.393342
0.393894
0.394431
0.394953
0.395459
0.395949
0.396423
0.39688
0.39732
0.397743
0.398149
0.398537
0.398908
0.39926
0.399594
0.39991
0.400207
0.400486
0.400746
0.400988
0.40121
0.401414
0.401598
0.401763
0.40191
0.402037
0.402145
0.402234
0.402304
0.402355
0.402387
0.4024
0.402394
0.402369
0.402326
0.402264
0.402183
0.402085
0.401968
0.401833
0.40168
0.40151
0.401322
0.401116
0.400894
0.400655
0.400399
0.400127
0.399839
0.399534
0.399215
0.398879
0.398529
0.398164
0.397784
0.39739
0.396983
0.396562
0.396127
0.39568
0.395221
0.394749
0.394265
0.39377
0.393264
0.392748
0.392221
0.391684
0.391138
0.390583
0.390019
0.389447
0.388867
0.38828
0.387686
0.387086
0.38648
0.385868
0.385251
0.38463
0.384005
0.383376
0.382744
0.382109
0.381472
0.380834
0.380194
0.379554
0.378914
0.378274
0.377635
0.376997
0.376361
0.375728
0.375098
0.374471
0.373849
0.373231
0.372618
0.372011
0.37141
0.370816
0.37023
0.369651
0.36908
0.368519
0.367967
0.367425
0.366894
0.366374
0.365866
0.36537
0.364887
0.364417
0.363961
0.36352
0.363094
0.362684
0.362289
0.361912
0.361551
0.361209
0.360885
0.360579
0.360293
0.360028
0.359782
0.359558
0.359355
0.359174
0.359016
0.358881
0.35877
0.358683
0.35862
0.358583
0.358571
0.358585
0.358626
0.358694
0.35879
0.358913
0.359065
0.359246
0.359457
0.359697
0.359967
0.360268
0.3606
0.360963
0.361359
0.361786
0.362246
0.362739
0.363266
0.363826
0.36442
0.365048
0.365711
0.366409
0.367142
0.36791
0.368714
0.369554
0.370431
0.371343
0.372293
0.373279
0.374302
0.375363
0.37646
0.377595
0.378768
0.379978
0.381225
0.382511
0.383834
0.385195
0.386594
0.388031
0.389505
0.391017
0.392567
0.394154
0.395778
0.39744
0.399139
0.400874
0.402647
0.404456
0.406301
0.408182
0.410098
0.41205
0.414037
0.416058
0.418113
0.420203
0.422325
0.42448
0.426667
0.428887
0.431137
0.433418
0.435728
0.438069
0.440437
0.442834
0.445257
0.447708
0.450183
0.452684
0.455208
0.457755
0.460325
0.462915
0.465526
0.468156
0.470803
0.473468
0.476149
0.478844
0.481554
0.484275
0.487007
0.48975
0.4925
0.495258
0.498022
0.500791
0.503562
0.506335
0.509107
0.511879
0.514647
0.51741
0.520168
0.522917
0.525657
0.528385
0.5311
0.533801
0.536485
0.53915
0.541795
0.544418
0.547017
0.54959
0.552135
0.55465
0.557134
0.559583
0.561996
0.564371
0.566707
0.569
0.571249
0.573451
0.575605
0.577708
0.579759
0.581754
0.583693
0.585572
0.58739
0.589144
0.590833
0.592453
0.594003
0.595482
0.596885
0.598213
0.599461
0.600629
0.601714
0.602714
0.603628
0.604452
0.605186
0.605826
0.606372
0.606822
0.607173
0.607424
0.607573
0.607618
0.607559
0.607393
0.607118
0.606734
0.606239
0.605632
0.604911
0.604076
0.603126
0.602059
0.600875
0.599573
0.598152
0.596613
0.594954
0.593175
0.591277
0.589259
0.587121
0.584864
0.582488
0.579993
0.577381
0.574652
0.571808
0.568849
0.565776
0.562593
0.5593
0.555899
0.552392
0.548782
0.545072
0.541264
0.537361
0.533366
0.529283
0.525116
0.520867
0.516543
0.512146
0.507681
0.503154
0.49857
0.493933
0.48925
0.484526
0.479768
0.474982
0.470174
0.465352
0.460523
0.455695
0.450874
0.446069
0.441289
0.436542
0.431837
0.427183
0.422589
0.418066
0.413622
0.409268
0.405014
0.400871
0.396851
0.392963
0.389219
0.385631
0.38221
0.378968
0.375918
0.373072
0.370441
0.368038
0.365877
0.363969
0.362329
0.360967
0.359898
0.359134
0.358689
0.358575
0.358806
0.359393
0.360351
0.361691
0.363426
0.365569
0.368131
0.371124
0.374561
0.378452
0.382807
0.387639
0.392957
0.39877
0.405087
0.411918
0.41927
0.427151
0.435566
0.444523
0.454026
0.46408
0.474687
0.485851
0.497573
0.509853
0.52269
0.536083
0.550028
0.564522
0.579558
0.59513
0.611229
0.627844
0.644965
0.662579
0.680669
0.699221
0.718215
0.737632
0.757448
0.777642
0.798186
0.819052
0.840211
0.861631
0.883277
0.905113
0.9271
0.949199
0.971364
0.993553
1.01572
1.03781
1.05977
1.08155
1.1031
1.12435
1.14524
1.16572
1.18571
1.20515
1.22398
1.24212
1.2595
1.27605
1.29169
1.30635
1.31995
1.33242
1.34367
1.35364
1.36223
1.36938
1.37501
1.37903
1.38138
1.38198
1.38077
1.37766
1.37261
1.36553
1.35638
1.34511
1.33165
1.31598
1.29805
1.27783
1.2553
1.23045
1.20327
1.17376
1.14194
1.10784
1.07149
1.03294
0.992268
0.949539
0.904851
0.858313
0.810051
0.760207
0.708944
0.656439
0.602893
0.548523
0.493567
0.438284
0.382953
0.327874
0.273366
0.219772
0.167453
0.116789
0.0681807
0.0220467
-0.0211778
-0.0610414
-0.097079
-0.128813
-0.155756
-0.177412
-0.193284
-0.202868
-0.205668
-0.20119
-0.188953
-0.16849
-0.139356
-0.101132
-0.0534299
0.00409709
0.0717516
0.149782
0.238378
0.337656
0.44766
0.568344
0.699567
0.841085
0.99254
1.15345
1.3232
1.50103
1.68603
1.87713
2.0731
2.27251
2.47378
2.67511
2.87452
3.06982
3.25865
3.43842
3.60636
3.7595
3.89471
4.00866
4.09791
4.15886
4.18782
4.18103
4.13472
4.04513
3.9086
3.72162
3.4809
3.18352
2.82694
2.40923
1.92911
1.38615
0.780947
0.11525
-0.607802
-1.38349
-2.20533
-3.06481
-3.95125
-4.85155
-5.75006
-6.62844
-7.46555
-8.2375
-8.91768
-9.47699
-9.88417
-10.1063
-10.1096
-9.86021
-9.32555
-8.47569
-7.28514
-5.73491
-3.81484
-1.52616
1.11566
4.07802
7.30822
10.7306
14.2441
17.7199
21.0001
23.8973
26.1951
27.6503
27.996
26.9478
24.2104
19.487
12.4903
2.95489
-9.34874
-24.5995
-42.911
-64.3167
-88.757
-116.068
-145.972
-178.075
-211.865
-246.714
-281.893
-316.581
-349.887
-380.876
-408.593
-432.097
-450.491
-462.957
-468.785
-467.407
-458.416
-441.592
-416.913
-384.567
-344.949
-298.657
-246.48
-189.373
-128.436
-64.8822
After 2 times V-cycle, residual is:
1.83101
3.62321
5.33915
6.94398
8.40659
9.70064
10.8052
11.7055
12.3928
12.8646
13.1245
13.1814
13.049
12.7452
12.2907
11.7084
11.0225
10.2573
9.43689
8.58384
7.71907
6.86125
6.02654
5.22837
4.47748
3.7819
3.14717
2.57651
2.07112
1.63043
1.25245
0.934021
0.671125
0.459143
0.293077
0.167753
0.0779845
0.0187076
-0.0149188
-0.0274354
-0.0230307
-0.00550874
0.0217269
0.0556757
0.0937327
0.133674
0.173635
0.212089
0.247818
0.279886
0.307612
0.33054
0.348413
0.361148
0.368807
0.371576
0.369741
0.363668
0.353782
0.34055
0.324467
0.306037
0.285767
0.264149
0.241655
0.218731
0.195787
0.173193
0.151281
0.130336
0.110601
0.0922728
0.0755065
0.0604157
0.0470752
0.0355236
0.025767
0.0177821
0.0115198
0.00690909
0.00386019
0.00226843
0.00201744
0.00298228
0.00503237
0.00803416
0.0118535
0.0163577
0.0214174
0.0269081
0.0327115
0.0387163
0.0448195
0.0509261
0.0569505
0.0628158
0.0684543
0.0738075
0.0788255
0.0834669
0.0876983
0.091494
0.0948354
0.0977105
0.100113
0.102043
0.103505
0.104506
0.10506
0.105182
0.104891
0.104207
0.103154
0.101755
0.100035
0.0980201
0.095737
0.0932119
0.0904713
0.0875411
0.0844469
0.0812136
0.0778652
0.0744248
0.0709145
0.0673554
0.0637673
0.0601689
0.0565776
0.0530096
0.0494799
0.0460023
0.0425892
0.0392521
0.0360011
0.0328452
0.0297924
0.0268497
0.024023
0.0213173
0.0187366
0.0162841
0.0139624
0.011773
0.00971702
0.00779471
0.00600583
0.00434955
0.00282454
0.00142902
0.000160784
-0.000982762
-0.00200454
-0.00290776
-0.00369592
-0.00437274
-0.00494212
-0.00540815
-0.00577505
-0.00604714
-0.00622886
-0.00632468
-0.00633914
-0.00627678
-0.00614216
-0.00593983
-0.00567429
-0.00535003
-0.00497147
-0.00454297
-0.0040688
-0.00355316
-0.00300015
-0.00241377
-0.00179793
-0.00115639
-0.00049282
0.000189232
0.00088635
0.00159524
0.00231276
0.00303585
0.00376164
0.00448735
0.00521036
0.00592816
0.00663839
0.00733882
0.00802734
0.00870197
0.00936087
0.0100023
0.0106247
0.0112266
0.0118065
0.0123633
0.0128959
0.0134031
0.0138841
0.0143381
0.0147644
0.0151623
0.0155313
0.015871
0.0161811
0.0164613
0.0167114
0.0169313
0.017121
0.0172806
0.0174101
0.0175097
0.0175797
0.0176204
0.0176321
0.0176152
0.0175702
0.0174975
0.0173977
0.0172714
0.0171191
0.0169416
0.0167394
0.0165134
0.0162641
0.0159924
0.015699
0.0153847
0.0150503
0.0146967
0.0143245
0.0139347
0.0135281
0.0131055
0.0126678
0.0122158
0.0117503
0.0112722
0.0107824
0.0102816
0.00977063
0.00925036
0.00872156
0.00818503
0.00764155
0.00709187
0.00653676
0.00597695
0.00541317
0.0048461
0.00427646
0.0037049
0.00313208
0.00255864
0.00198518
0.00141232
0.000840617
0.000270639
-0.000297078
-0.000862017
-0.00142368
-0.00198159
-0.00253529
-0.00308434
-0.00362833
-0.00416685
-0.00469954
-0.00522604
-0.005746
-0.00625911
-0.00676507
-0.00726359
-0.00775443
-0.00823733
-0.00871207
-0.00917845
-0.00963626
-0.0100853
-0.0105255
-0.0109567
-0.0113787
-0.0117914
-0.0121948
-0.0125887
-0.0129731
-0.013348
-0.0137132
-0.0140688
-0.0144148
-0.0147511
-0.0150778
-0.0153948
-0.0157023
-0.0160002
-0.0162886
-0.0165675
-0.0168371
-0.0170973
-0.0173483
-0.0175903
-0.0178231
-0.0180471
-0.0182622
-0.0184686
-0.0186665
-0.0188559
-0.0190369
-0.0192099
-0.0193747
-0.0195317
-0.019681
-0.0198226
-0.0199569
-0.0200838
-0.0202037
-0.0203166
-0.0204228
-0.0205223
-0.0206154
-0.0207022
-0.0207829
-0.0208577
-0.0209267
-0.0209901
-0.0210481
-0.0211009
-0.0211486
-0.0211915
-0.0212295
-0.0212631
-0.0212922
-0.0213172
-0.021338
-0.021355
-0.0213683
-0.021378
-0.0213844
-0.0213875
-0.0213875
-0.0213846
-0.0213789
-0.0213706
-0.0213599
-0.0213468
-0.0213316
-0.0213143
-0.0212951
-0.0212742
-0.0212517
-0.0212276
-0.0212023
-0.0211757
-0.021148
-0.0211193
-0.0210897
-0.0210595
-0.0210285
-0.0209971
-0.0209653
-0.0209331
-0.0209008
-0.0208683
-0.0208359
-0.0208035
-0.0207713
-0.0207394
-0.0207079
-0.0206768
-0.0206462
-0.0206162
-0.0205869
-0.0205584
-0.0205307
-0.0205038
-0.020478
-0.0204531
-0.0204293
-0.0204066
-0.0203852
-0.0203649
-0.020346
-0.0203284
-0.0203122
-0.0202974
-0.0202841
-0.0202722
-0.020262
-0.0202533
-0.0202462
-0.0202407
-0.0202369
-0.0202348
-0.0202344
-0.0202358
-0.0202389
-0.0202437
-0.0202504
-0.0202588
-0.0202691
-0.0202812
-0.0202951
-0.0203109
-0.0203285
-0.0203479
-0.0203692
-0.0203923
-0.0204173
-0.0204442
-0.0204728
-0.0205033
-0.0205357
-0.0205698
-0.0206058
-0.0206435
-0.0206831
-0.0207244
-0.0207675
-0.0208123
-0.0208588
-0.0209071
-0.0209571
-0.0210087
-0.021062
-0.0211169
-0.0211734
-0.0212315
-0.0212911
-0.0213523
-0.021415
-0.0214792
-0.0215449
-0.021612
-0.0216804
-0.0217503
-0.0218215
-0.021894
-0.0219679
-0.0220429
-0.0221192
-0.0221967
-0.0222754
-0.0223552
-0.022436
-0.022518
-0.022601
-0.022685
-0.0227699
-0.0228558
-0.0229426
-0.0230303
-0.0231188
-0.0232081
-0.0232982
-0.023389
-0.0234806
-0.0235728
-0.0236656
-0.023759
-0.023853
-0.0239476
-0.0240426
-0.0241381
-0.0242341
-0.0243305
-0.0244272
-0.0245243
-0.0246217
-0.0247194
-0.0248174
-0.0249156
-0.025014
-0.0251125
-0.0252112
-0.02531
-0.0254089
-0.0255078
-0.0256068
-0.0257058
-0.0258047
-0.0259036
-0.0260025
-0.0261012
-0.0261999
-0.0262984
-0.0263967
-0.0264948
-0.0265928
-0.0266905
-0.026788
-0.0268853
-0.0269822
-0.0270789
-0.0271753
-0.0272714
-0.0273671
-0.0274625
-0.0275575
-0.0276521
-0.0277464
-0.0278403
-0.0279338
-0.0280268
-0.0281195
-0.0282117
-0.0283035
-0.0283949
-0.0284859
-0.0285764
-0.0286665
-0.0287562
-0.0288454
-0.0289342
-0.0290225
-0.0291105
-0.029198
-0.0292851
-0.0293718
-0.029458
-0.0295439
-0.0296295
-0.0297146
-0.0297994
-0.0298839
-0.029968
-0.0300518
-0.0301353
-0.0302185
-0.0303015
-0.0303842
-0.0304667
-0.030549
-0.0306311
-0.0307131
-0.0307949
-0.0308766
-0.0309583
-0.0310399
-0.0311215
-0.0312031
-0.0312847
-0.0313665
-0.0314483
-0.0315303
-0.0316124
-0.0316948
-0.0317774
-0.0318603
-0.0319435
-0.0320272
-0.0321112
-0.0321956
-0.0322806
-0.0323661
-0.0324522
-0.032539
-0.0326264
-0.0327145
-0.0328034
-0.0328932
-0.0329838
-0.0330753
-0.0331679
-0.0332614
-0.0333561
-0.0334519
-0.0335489
-0.0336471
-0.0337466
-0.0338476
-0.0339499
-0.0340537
-0.0341591
-0.034266
-0.0343747
-0.034485
-0.0345972
-0.0347111
-0.034827
-0.0349449
-0.0350648
-0.0351868
-0.035311
-0.0354374
-0.035566
-0.0356971
-0.0358305
-0.0359665
-0.036105
-0.0362461
-0.0363899
-0.0365365
-0.0366859
-0.0368381
-0.0369933
-0.0371515
-0.0373128
-0.0374772
-0.0376449
-0.0378158
-0.03799
-0.0381676
-0.0383487
-0.0385334
-0.0387216
-0.0389134
-0.039109
-0.0393084
-0.0395115
-0.0397186
-0.0399296
-0.0401446
-0.0403637
-0.0405869
-0.0408143
-0.0410459
-0.0412817
-0.0415219
-0.0417665
-0.0420155
-0.0422689
-0.0425269
-0.0427895
-0.0430566
-0.0433284
-0.0436049
-0.0438861
-0.044172
-0.0444627
-0.0447583
-0.0450587
-0.045364
-0.0456741
-0.0459892
-0.0463093
-0.0466343
-0.0469642
-0.0472992
-0.0476392
-0.0479841
-0.0483341
-0.0486891
-0.0490491
-0.0494141
-0.0497841
-0.0501591
-0.0505391
-0.050924
-0.0513139
-0.0517086
-0.0521083
-0.0525128
-0.0529222
-0.0533363
-0.0537552
-0.0541788
-0.054607
-0.0550398
-0.0554772
-0.055919
-0.0563652
-0.0568158
-0.0572706
-0.0577296
-0.0581927
-0.0586599
-0.0591309
-0.0596057
-0.0600843
-0.0605665
-0.0610522
-0.0615412
-0.0620335
-0.062529
-0.0630274
-0.0635288
-0.0640328
-0.0645394
-0.0650485
-0.0655598
-0.0660732
-0.0665886
-0.0671057
-0.0676245
-0.0681446
-0.068666
-0.0691884
-0.0697117
-0.0702355
-0.0707599
-0.0712844
-0.0718089
-0.0723333
-0.0728572
-0.0733804
-0.0739027
-0.0744239
-0.0749436
-0.0754618
-0.0759781
-0.0764922
-0.077004
-0.0775131
-0.0780193
-0.0785223
-0.0790219
-0.0795178
-0.0800096
-0.0804972
-0.0809803
-0.0814585
-0.0819317
-0.0823994
-0.0828615
-0.0833177
-0.0837676
-0.0842111
-0.0846477
-0.0850773
-0.0854996
-0.0859143
-0.0863211
-0.0867198
-0.0871101
-0.0874917
-0.0878645
-0.0882281
-0.0885823
-0.0889269
-0.0892617
-0.0895864
-0.0899008
-0.0902048
-0.0904982
-0.0907807
-0.0910522
-0.0913126
-0.0915617
-0.0917995
-0.0920257
-0.0922403
-0.0924433
-0.0926345
-0.0928139
-0.0929816
-0.0931374
-0.0932815
-0.0934138
-0.0935345
-0.0936436
-0.0937412
-0.0938275
-0.0939027
-0.0939668
-0.0940203
-0.0940632
-0.0940959
-0.0941187
-0.0941319
-0.094136
-0.0941313
-0.0941182
-0.0940973
-0.094069
-0.094034
-0.0939927
-0.0939458
-0.0938941
-0.093838
-0.0937786
-0.0937163
-0.0936523
-0.0935871
-0.0935219
-0.0934574
-0.0933948
-0.0933349
-0.0932789
-0.0932279
-0.093183
-0.0931453
-0.0931162
-0.0930968
-0.0930885
-0.0930925
-0.0931103
-0.0931433
-0.0931928
-0.0932603
-0.0933474
-0.0934556
-0.0935864
-0.0937414
-0.0939222
-0.0941304
-0.0943677
-0.0946356
-0.094936
-0.0952704
-0.0956406
-0.0960482
-0.096495
-0.0969825
-0.0975126
-0.0980869
-0.0987069
-0.0993745
-0.100091
-0.100859
-0.101678
-0.102552
-0.10348
-0.104465
-0.105509
-0.106612
-0.107775
-0.109
-0.110288
-0.11164
-0.113058
-0.11454
-0.11609
-0.117707
-0.119391
-0.121144
-0.122965
-0.124854
-0.126813
-0.12884
-0.130935
-0.133098
-0.135328
-0.137625
-0.139988
-0.142415
-0.144905
-0.147457
-0.150068
-0.152738
-0.155464
-0.158243
-0.161074
-0.163952
-0.166876
-0.169842
-0.172846
-0.175885
-0.178955
-0.182052
-0.185171
-0.188307
-0.191456
-0.194612
-0.19777
-0.200924
-0.20407
-0.207199
-0.210307
-0.213386
-0.216431
-0.219434
-0.222388
-0.225286
-0.228122
-0.230887
-0.233575
-0.236177
-0.238688
-0.241098
-0.243402
-0.245592
-0.24766
-0.249601
-0.251408
-0.253074
-0.254594
-0.255962
-0.257174
-0.258225
-0.259112
-0.259832
-0.260383
-0.260764
-0.260976
-0.261018
-0.260894
-0.260607
-0.260162
-0.259566
-0.258827
-0.257955
-0.256961
-0.255859
-0.254665
-0.253396
-0.252073
-0.250717
-0.249353
-0.248007
-0.246709
-0.245491
-0.244385
-0.243429
-0.24266
-0.242119
-0.241848
-0.241892
-0.242297
-0.243111
-0.24438
-0.246156
-0.248486
-0.25142
-0.255007
-0.259294
-0.264326
-0.270145
-0.276792
-0.2843
-0.292699
-0.302014
-0.312261
-0.323449
-0.335577
-0.348636
-0.362605
-0.377449
-0.393124
-0.40957
-0.426713
-0.444464
-0.462719
-0.481361
-0.500252
-0.519246
-0.538178
-0.556871
-0.575138
-0.592782
-0.609597
-0.625375
-0.639905
-0.652981
-0.664403
-0.673984
-0.681553
-0.686964
-0.6901
-0.690878
-0.689259
-0.685251
-0.678916
-0.670377
-0.659824
-0.647516
-0.633787
-0.619047
-0.603783
-0.588562
-0.574023
-0.560874
-0.549889
-0.541889
-0.537739
-0.538323
-0.544529
-0.557227
-0.577235
-0.605295
-0.642037
-0.687937
-0.743276
-0.808096
-0.882148
-0.96484
-1.05519
-1.15175
-1.25258
-1.35518
-1.45644
-1.55263
-1.6393
-1.71137
-1.76303
-1.78786
-1.77882
-1.72838
-1.62863
-1.47147
-1.24881
-0.952815
-0.576234
-0.112701
0.442886
1.09399
1.84205
2.68611
3.62249
4.64449
5.74219
6.90233
8.10828
9.34021
10.5753
11.7882
12.9515
14.0363
15.0133
15.8533
16.5282
17.0121
17.282
17.3188
17.1079
16.6401
15.9119
14.9258
13.6907
12.2214
10.5389
8.66934
6.64399
4.49803
2.26985
After 3 times V-cycle, residual is:
0.103148
0.204146
0.300918
0.391532
0.474261
0.547639
0.610504
0.662018
0.701691
0.729372
0.745238
0.749766
0.743699
0.727997
0.703792
0.672334
0.63494
0.592946
0.547661
0.500329
0.452102
0.404007
0.356938
0.311645
0.268729
0.228648
0.191725
0.158157
0.128035
0.101352
0.0780245
0.0579079
0.0408095
0.0265034
0.0147429
0.0052702
-0.00217434
-0.00784573
-0.0119889
-0.0148349
-0.0165981
-0.0174748
-0.0176424
-0.0172589
-0.0164639
-0.0153789
-0.0141082
-0.0127402
-0.0113486
-0.00999356
-0.00872288
-0.00757334
-0.00657184
-0.00573654
-0.00507794
-0.00459993
-0.00430074
-0.00417392
-0.00420915
-0.00439305
-0.00470996
-0.00514255
-0.00567249
-0.00628099
-0.00694925
-0.00765892
-0.0083924
-0.0091332
-0.00986613
-0.0105775
-0.0112552
-0.0118889
-0.0124699
-0.0129913
-0.0134478
-0.0138358
-0.0141532
-0.0143992
-0.0145746
-0.014681
-0.0147213
-0.014699
-0.0146184
-0.0144846
-0.0143029
-0.0140789
-0.0138184
-0.0135275
-0.013212
-0.0128777
-0.0125301
-0.0121746
-0.0118162
-0.0114594
-0.0111086
-0.0107675
-0.0104395
-0.0101275
-0.00983402
-0.00956108
-0.00931031
-0.00908293
-0.00887977
-0.00870131
-0.00854769
-0.00841876
-0.0083141
-0.00823302
-0.00817465
-0.00813793
-0.00812166
-0.00812449
-0.00814501
-0.00818171
-0.00823304
-0.00829744
-0.00837332
-0.00845913
-0.00855331
-0.00865438
-0.00876088
-0.00887143
-0.0089847
-0.00909947
-0.00921456
-0.0093289
-0.0094415
-0.00955147
-0.00965798
-0.0097603
-0.0098578
-0.00994991
-0.0100361
-0.0101161
-0.0101895
-0.0102559
-0.0103154
-0.0103676
-0.0104125
-0.0104501
-0.0104804
-0.0105034
-0.0105193
-0.0105282
-0.0105302
-0.0105255
-0.0105144
-0.0104971
-0.0104738
-0.0104449
-0.0104104
-0.0103709
-0.0103265
-0.0102776
-0.0102244
-0.0101672
-0.0101064
-0.0100423
-0.00997512
-0.00990517
-0.00983274
-0.00975812
-0.00968158
-0.00960337
-0.00952377
-0.00944302
-0.00936136
-0.00927903
-0.00919624
-0.0091132
-0.00903013
-0.00894721
-0.00886463
-0.00878257
-0.00870117
-0.00862061
-0.00854103
-0.00846256
-0.00838533
-0.00830946
-0.00823506
-0.00816222
-0.00809104
-0.0080216
-0.00795398
-0.00788824
-0.00782444
-0.00776264
-0.00770288
-0.00764519
-0.00758962
-0.00753617
-0.00748487
-0.00743574
-0.00738877
-0.00734397
-0.00730133
-0.00726085
-0.00722251
-0.00718629
-0.00715216
-0.0071201
-0.00709007
-0.00706205
-0.00703599
-0.00701185
-0.00698959
-0.00696915
-0.00695049
-0.00693356
-0.0069183
-0.00690465
-0.00689257
-0.00688198
-0.00687283
-0.00686506
-0.0068586
-0.00685339
-0.00684937
-0.00684648
-0.00684465
-0.00684381
-0.0068439
-0.00684487
-0.00684664
-0.00684915
-0.00685234
-0.00685616
-0.00686053
-0.00686541
-0.00687072
-0.00687643
-0.00688246
-0.00688876
-0.00689529
-0.00690199
-0.00690881
-0.0069157
-0.00692262
-0.00692952
-0.00693635
-0.00694308
-0.00694966
-0.00695606
-0.00696224
-0.00696816
-0.00697379
-0.00697911
-0.00698408
-0.00698867
-0.00699285
-0.00699661
-0.00699993
-0.00700277
-0.00700512
-0.00700696
-0.00700828
-0.00700907
-0.0070093
-0.00700898
-0.00700808
-0.0070066
-0.00700453
-0.00700187
-0.00699862
-0.00699476
-0.0069903
-0.00698524
-0.00697957
-0.0069733
-0.00696643
-0.00695896
-0.0069509
-0.00694226
-0.00693303
-0.00692322
-0.00691285
-0.00690192
-0.00689044
-0.00687841
-0.00686586
-0.00685278
-0.00683919
-0.0068251
-0.00681053
-0.00679548
-0.00677997
-0.00676401
-0.00674762
-0.0067308
-0.00671357
-0.00669594
-0.00667794
-0.00665957
-0.00664084
-0.00662177
-0.00660238
-0.00658268
-0.00656268
-0.0065424
-0.00652186
-0.00650105
-0.00648001
-0.00645874
-0.00643726
-0.00641558
-0.00639372
-0.00637168
-0.00634949
-0.00632715
-0.00630467
-0.00628208
-0.00625938
-0.00623658
-0.00621371
-0.00619075
-0.00616774
-0.00614468
-0.00612158
-0.00609845
-0.0060753
-0.00605215
-0.006029
-0.00600586
-0.00598275
-0.00595966
-0.00593661
-0.00591361
-0.00589067
-0.00586779
-0.00584498
-0.00582225
-0.00579961
-0.00577706
-0.00575461
-0.00573226
-0.00571003
-0.00568791
-0.00566592
-0.00564405
-0.00562232
-0.00560072
-0.00557927
-0.00555797
-0.00553681
-0.00551581
-0.00549497
-0.00547429
-0.00545377
-0.00543343
-0.00541325
-0.00539324
-0.00537341
-0.00535376
-0.00533429
-0.005315
-0.00529589
-0.00527696
-0.00525822
-0.00523966
-0.0052213
-0.00520312
-0.00518512
-0.00516732
-0.00514971
-0.00513228
-0.00511505
-0.005098
-0.00508114
-0.00506447
-0.00504799
-0.0050317
-0.00501559
-0.00499967
-0.00498393
-0.00496837
-0.004953
-0.00493781
-0.0049228
-0.00490797
-0.00489332
-0.00487884
-0.00486454
-0.0048504
-0.00483644
-0.00482265
-0.00480903
-0.00479557
-0.00478227
-0.00476913
-0.00475616
-0.00474334
-0.00473067
-0.00471816
-0.0047058
-0.00469358
-0.00468152
-0.00466959
-0.00465781
-0.00464617
-0.00463466
-0.00462328
-0.00461204
-0.00460093
-0.00458994
-0.00457908
-0.00456835
-0.00455773
-0.00454723
-0.00453684
-0.00452656
-0.0045164
-0.00450634
-0.00449639
-0.00448654
-0.00447679
-0.00446714
-0.00445759
-0.00444813
-0.00443876
-0.00442948
-0.00442028
-0.00441117
-0.00440214
-0.0043932
-0.00438433
-0.00437553
-0.00436681
-0.00435816
-0.00434958
-0.00434107
-0.00433262
-0.00432424
-0.00431592
-0.00430766
-0.00429946
-0.00429131
-0.00428322
-0.00427518
-0.0042672
-0.00425926
-0.00425137
-0.00424353
-0.00423573
-0.00422798
-0.00422027
-0.0042126
-0.00420498
-0.00419739
-0.00418984
-0.00418232
-0.00417485
-0.0041674
-0.00415999
-0.00415261
-0.00414527
-0.00413796
-0.00413067
-0.00412342
-0.0041162
-0.004109
-0.00410183
-0.00409469
-0.00408758
-0.0040805
-0.00407344
-0.00406641
-0.0040594
-0.00405242
-0.00404547
-0.00403854
-0.00403164
-0.00402476
-0.00401791
-0.00401109
-0.00400429
-0.00399752
-0.00399077
-0.00398406
-0.00397737
-0.00397071
-0.00396408
-0.00395747
-0.0039509
-0.00394436
-0.00393785
-0.00393137
-0.00392492
-0.0039185
-0.00391213
-0.00390578
-0.00389947
-0.0038932
-0.00388697
-0.00388077
-0.00387462
-0.0038685
-0.00386243
-0.0038564
-0.00385042
-0.00384448
-0.00383859
-0.00383274
-0.00382695
-0.0038212
-0.00381551
-0.00380988
-0.00380429
-0.00379876
-0.00379329
-0.00378788
-0.00378253
-0.00377724
-0.00377201
-0.00376685
-0.00376176
-0.00375673
-0.00375177
-0.00374688
-0.00374206
-0.00373731
-0.00373264
-0.00372805
-0.00372353
-0.00371909
-0.00371473
-0.00371046
-0.00370626
-0.00370215
-0.00369813
-0.00369419
-0.00369034
-0.00368658
-0.00368291
-0.00367933
-0.00367585
-0.00367246
-0.00366917
-0.00366597
-0.00366287
-0.00365986
-0.00365696
-0.00365416
-0.00365146
-0.00364886
-0.00364636
-0.00364397
-0.00364168
-0.0036395
-0.00363742
-0.00363544
-0.00363358
-0.00363182
-0.00363016
-0.00362862
-0.00362718
-0.00362585
-0.00362462
-0.00362351
-0.0036225
-0.0036216
-0.0036208
-0.00362011
-0.00361953
-0.00361905
-0.00361868
-0.00361842
-0.00361825
-0.00361819
-0.00361823
-0.00361837
-0.00361862
-0.00361895
-0.00361939
-0.00361992
-0.00362055
-0.00362127
-0.00362208
-0.00362297
-0.00362396
-0.00362503
-0.00362618
-0.00362741
-0.00362872
-0.00363011
-0.00363156
-0.00363309
-0.00363468
-0.00363634
-0.00363806
-0.00363984
-0.00364167
-0.00364355
-0.00364548
-0.00364746
-0.00364947
-0.00365152
-0.0036536
-0.00365571
-0.00365784
-0.00365999
-0.00366215
-0.00366433
-0.00366651
-0.00366868
-0.00367086
-0.00367302
-0.00367517
-0.00367729
-0.00367939
-0.00368146
-0.00368348
-0.00368547
-0.0036874
-0.00368928
-0.00369109
-0.00369283
-0.0036945
-0.00369608
-0.00369758
-0.00369898
-0.00370027
-0.00370146
-0.00370252
-0.00370346
-0.00370427
-0.00370494
-0.00370546
-0.00370582
-0.00370602
-0.00370605
-0.00370589
-0.00370555
-0.00370502
-0.00370428
-0.00370332
-0.00370214
-0.00370074
-0.00369909
-0.0036972
-0.00369505
-0.00369263
-0.00368994
-0.00368697
-0.0036837
-0.00368013
-0.00367626
-0.00367206
-0.00366753
-0.00366267
-0.00365746
-0.00365189
-0.00364596
-0.00363965
-0.00363296
-0.00362587
-0.00361838
-0.00361049
-0.00360217
-0.00359342
-0.00358423
-0.0035746
-0.00356451
-0.00355395
-0.00354293
-0.00353142
-0.00351942
-0.00350692
-0.00349392
-0.0034804
-0.00346636
-0.00345179
-0.00343668
-0.00342103
-0.00340482
-0.00338806
-0.00337073
-0.00335283
-0.00333436
-0.0033153
-0.00329565
-0.0032754
-0.00325456
-0.00323311
-0.00321106
-0.00318839
-0.00316511
-0.0031412
-0.00311668
-0.00309153
-0.00306576
-0.00303936
-0.00301233
-0.00298467
-0.00295638
-0.00292747
-0.00289792
-0.00286775
-0.00283695
-0.00280554
-0.0027735
-0.00274085
-0.00270759
-0.00267372
-0.00263925
-0.00260419
-0.00256854
-0.00253232
-0.00249552
-0.00245816
-0.00242025
-0.00238179
-0.00234281
-0.00230331
-0.0022633
-0.00222279
-0.00218181
-0.00214037
-0.00209847
-0.00205615
-0.00201341
-0.00197027
-0.00192676
-0.00188289
-0.00183868
-0.00179415
-0.00174933
-0.00170423
-0.00165889
-0.00161332
-0.00156755
-0.00152161
-0.00147552
-0.0014293
-0.00138299
-0.00133662
-0.00129021
-0.00124378
-0.00119738
-0.00115103
-0.00110477
-0.00105862
-0.00101261
-0.000966775
-0.000921153
-0.000875772
-0.000830666
-0.000785867
-0.000741407
-0.00069732
-0.000653639
-0.000610395
-0.000567624
-0.000525354
-0.00048362
-0.000442454
-0.000401884
-0.000361943
-0.000322661
-0.000284066
-0.000246187
-0.000209051
-0.000172686
-0.000137113
-0.000102361
-6.84507e-05
-3.54033e-05
-3.23988e-06
2.80247e-05
5.83698e-05
8.77846e-05
0.000116253
0.000143768
0.000170319
0.0001959
0.000220508
0.000244143
0.000266804
0.000288497
0.000309229
0.000329011
0.000347854
0.000365776
0.000382795
0.000398936
0.000414223
0.00042869
0.000442366
0.000455291
0.000467505
0.000479054
0.000489987
0.000500354
0.000510215
0.00051963
0.000528663
0.000537387
0.00054587
0.000554193
0.000562437
0.000570688
0.000579035
0.000587575
0.000596404
0.000605623
0.000615342
0.000625668
0.000636717
0.000648606
0.000661458
0.000675394
0.000690547
0.000707045
0.000725027
0.000744627
0.000765984
0.000789247
0.000814557
0.000842062
0.000871911
0.000904257
0.00093925
0.000977045
0.00101779
0.00106166
0.00110878
0.00115933
0.00121344
0.00127129
0.00133302
0.00139877
0.00146871
0.00154296
0.00162169
0.00170502
0.00179309
0.00188603
0.00198397
0.00208702
0.00219532
0.00230895
0.00242802
0.00255263
0.00268285
0.00281877
0.00296045
0.00310795
0.00326131
0.00342056
0.00358573
0.00375682
0.00393382
0.00411673
0.00430549
0.00450007
0.00470038
0.00490636
0.00511789
0.00533486
0.00555713
0.00578453
0.0060169
0.00625404
0.00649573
0.00674174
0.0069918
0.00724564
0.00750297
0.00776348
0.00802682
0.00829266
0.00856062
0.00883033
0.00910139
0.0093734
0.00964596
0.00991863
0.010191
0.0104627
0.0107332
0.0110022
0.0112693
0.011534
0.0117962
0.0120554
0.0123113
0.0125637
0.0128125
0.0130575
0.0132987
0.013536
0.0137696
0.0139996
0.0142264
0.0144503
0.0146718
0.0148915
0.0151103
0.015329
0.0155487
0.0157704
0.0159956
0.0162258
0.0164624
0.0167074
0.0169626
0.0172302
0.0175121
0.0178109
0.0181288
0.0184684
0.0188322
0.0192228
0.0196428
0.0200948
0.0205815
0.0211052
0.0216684
0.0222732
0.0229216
0.0236156
0.0243565
0.0251456
0.0259837
0.0268712
0.0278082
0.0287943
0.0298285
0.0309094
0.0320352
0.0332033
0.034411
0.0356548
0.036931
0.0382355
0.0395637
0.0409112
0.0422731
0.0436446
0.0450213
0.0463987
0.0477732
0.0491415
0.0505014
0.0518515
0.0531918
0.0545239
0.0558507
0.0571772
0.0585105
0.0598596
0.061236
0.0626537
0.0641289
0.0656805
0.0673296
0.0690997
0.0710163
0.0731068
0.0753999
0.0779253
0.0807131
0.0837934
0.087195
0.0909451
0.095068
0.0995843
0.104509
0.109853
0.115617
0.121794
0.128366
0.135305
0.142569
0.1501
0.157824
0.165651
0.173472
0.181156
0.188554
0.195496
0.201791
0.207229
0.21158
0.2146
0.216033
0.215612
0.213071
0.208147
0.200587
0.190163
0.176674
0.159964
0.139929
0.116528
0.0897962
0.0598508
0.0269031
-0.00873828
-0.0466637
-0.0863625
-0.127227
-0.168561
-0.20959
-0.24948
-0.287352
-0.322312
-0.35347
-0.379969
-0.401014
-0.415899
-0.424029
-0.42495
-0.418362
-0.404138
-0.382334
-0.353191
-0.317138
-0.27478
-0.226887
-0.174377
-0.11829
-0.0597631
After 4 times V-cycle, residual is:
0.00465679
0.00921263
0.01357
0.0176381
0.0213358
0.024594
0.027358
0.0295883
0.0312616
0.0323704
0.032923
0.0329415
0.0324608
0.031526
0.0301905
0.0285133
0.0265569
0.0243847
0.0220591
0.0196396
0.0171815
0.0147343
0.0123416
0.01004
0.00785904
0.00582176
0.0039446
0.00223808
0.00070741
-0.000646791
-0.00182776
-0.00284188
-0.00369792
-0.00440646
-0.00497927
-0.00542881
-0.00576783
-0.00600901
-0.00616469
-0.0062467
-0.00626614
-0.00623336
-0.00615783
-0.00604818
-0.00591214
-0.00575658
-0.00558754
-0.00541026
-0.00522923
-0.00504826
-0.00487048
-0.00469844
-0.00453413
-0.00437908
-0.00423433
-0.00410058
-0.00397815
-0.00386707
-0.00376713
-0.0036779
-0.00359879
-0.00352906
-0.0034679
-0.00341439
-0.00336762
-0.00332663
-0.00329049
-0.00325826
-0.0032291
-0.00320217
-0.00317674
-0.00315211
-0.00312768
-0.00310294
-0.00307744
-0.00305082
-0.0030228
-0.00299317
-0.00296179
-0.00292857
-0.00289351
-0.00285663
-0.00281802
-0.00277779
-0.00273608
-0.00269308
-0.00264897
-0.00260397
-0.00255828
-0.00251212
-0.00246572
-0.00241929
-0.00237302
-0.00232712
-0.00228176
-0.00223711
-0.00219333
-0.00215053
-0.00210884
-0.00206836
-0.00202915
-0.00199129
-0.00195481
-0.00191975
-0.00188613
-0.00185392
-0.00182314
-0.00179375
-0.00176571
-0.00173899
-0.00171353
-0.00168928
-0.00166617
-0.00164414
-0.00162313
-0.00160306
-0.00158385
-0.00156545
-0.00154778
-0.00153077
-0.00151437
-0.00149849
-0.00148309
-0.00146811
-0.0014535
-0.0014392
-0.00142517
-0.00141137
-0.00139776
-0.0013843
-0.00137098
-0.00135776
-0.00134462
-0.00133154
-0.0013185
-0.0013055
-0.00129252
-0.00127955
-0.00126658
-0.00125363
-0.00124068
-0.00122773
-0.00121479
-0.00120185
-0.00118893
-0.00117603
-0.00116315
-0.0011503
-0.00113749
-0.00112472
-0.001112
-0.00109934
-0.00108675
-0.00107423
-0.00106178
-0.00104943
-0.00103717
-0.00102501
-0.00101295
-0.00100101
-0.000989185
-0.000977482
-0.000965907
-0.000954461
-0.000943152
-0.00093198
-0.000920949
-0.000910064
-0.000899324
-0.000888733
-0.000878292
-0.000868001
-0.000857863
-0.000847878
-0.000838045
-0.000828365
-0.000818838
-0.000809464
-0.00080024
-0.000791168
-0.000782245
-0.00077347
-0.000764842
-0.000756358
-0.000748017
-0.000739817
-0.000731756
-0.000723832
-0.000716041
-0.000708382
-0.000700851
-0.000693447
-0.000686165
-0.000679004
-0.00067196
-0.000665031
-0.000658212
-0.000651502
-0.000644897
-0.000638392
-0.000631987
-0.000625677
-0.000619459
-0.000613329
-0.000607285
-0.000601323
-0.000595439
-0.000589632
-0.000583897
-0.000578232
-0.000572633
-0.000567097
-0.000561621
-0.000556203
-0.00055084
-0.000545528
-0.000540265
-0.000535049
-0.000529875
-0.000524744
-0.000519651
-0.000514594
-0.000509572
-0.000504581
-0.000499621
-0.000494689
-0.000489782
-0.0004849
-0.00048004
-0.000475202
-0.000470383
-0.000465582
-0.000460798
-0.00045603
-0.000451276
-0.000446535
-0.000441809
-0.000437093
-0.000432388
-0.000427694
-0.00042301
-0.000418335
-0.000413669
-0.000409012
-0.000404363
-0.000399723
-0.000395091
-0.000390465
-0.00038585
-0.000381242
-0.000376643
-0.000372052
-0.000367471
-0.000362898
-0.000358335
-0.000353782
-0.000349239
-0.000344707
-0.000340187
-0.000335678
-0.000331182
-0.000326699
-0.000322229
-0.000317773
-0.000313333
-0.000308908
-0.000304499
-0.000300107
-0.000295732
-0.000291375
-0.000287038
-0.00028272
-0.000278422
-0.000274145
-0.00026989
-0.000265656
-0.000261446
-0.000257259
-0.000253096
-0.000248957
-0.000244845
-0.000240756
-0.000236696
-0.000232662
-0.000228655
-0.000224676
-0.000220726
-0.000216803
-0.000212911
-0.000209048
-0.000205215
-0.000201412
-0.00019764
-0.0001939
-0.000190189
-0.000186511
-0.000182865
-0.00017925
-0.000175668
-0.000172118
-0.0001686
-0.000165115
-0.000161663
-0.000158244
-0.000154857
-0.000151502
-0.000148181
-0.000144893
-0.000141638
-0.000138415
-0.000135226
-0.000132068
-0.000128943
-0.00012585
-0.00012279
-0.000119762
-0.000116764
-0.0001138
-0.000110865
-0.000107964
-0.000105093
-0.000102252
-9.94421e-05
-9.66622e-05
-9.39117e-05
-9.11923e-05
-8.85015e-05
-8.58398e-05
-8.32066e-05
-8.06023e-05
-7.80254e-05
-7.54767e-05
-7.29551e-05
-7.04605e-05
-6.79932e-05
-6.55516e-05
-6.31361e-05
-6.07462e-05
-5.83813e-05
-5.60413e-05
-5.37258e-05
-5.14342e-05
-4.91668e-05
-4.69221e-05
-4.47008e-05
-4.25015e-05
-4.03239e-05
-3.81697e-05
-3.60353e-05
-3.39222e-05
-3.18303e-05
-2.97581e-05
-2.77053e-05
-2.5673e-05
-2.36594e-05
-2.16644e-05
-1.96871e-05
-1.77293e-05
-1.57878e-05
-1.38638e-05
-1.19573e-05
-1.00665e-05
-8.1928e-06
-6.33375e-06
-4.49163e-06
-2.66363e-06
-8.50005e-07
9.47824e-07
2.73166e-06
4.5021e-06
6.25928e-06
8.00236e-06
9.73279e-06
1.14502e-05
1.31561e-05
1.48497e-05
1.65315e-05
1.82014e-05
1.98605e-05
2.15081e-05
2.31447e-05
2.47722e-05
2.63884e-05
2.79946e-05
2.95924e-05
3.11787e-05
3.27577e-05
3.43257e-05
3.58864e-05
3.74381e-05
3.89807e-05
4.0516e-05
4.20435e-05
4.35619e-05
4.50744e-05
4.6578e-05
4.80752e-05
4.95647e-05
5.10483e-05
5.25241e-05
5.3994e-05
5.54576e-05
5.6914e-05
5.83649e-05
5.98097e-05
6.12492e-05
6.26822e-05
6.41099e-05
6.55318e-05
6.69488e-05
6.83604e-05
6.9767e-05
7.11689e-05
7.25651e-05
7.3957e-05
7.53438e-05
7.67274e-05
7.8105e-05
7.94781e-05
8.08471e-05
8.2213e-05
8.35728e-05
8.49292e-05
8.62823e-05
8.76306e-05
8.89749e-05
9.03152e-05
9.16522e-05
9.29857e-05
9.43143e-05
9.56405e-05
9.69619e-05
9.82814e-05
9.95951e-05
0.000100908
0.000102215
0.00010352
0.000104821
0.000106118
0.000107414
0.000108703
0.000109992
0.000111276
0.000112558
0.000113836
0.000115111
0.000116383
0.000117651
0.000118916
0.000120179
0.000121438
0.000122695
0.000123947
0.000125198
0.000126445
0.000127688
0.00012893
0.000130167
0.000131402
0.000132634
0.000133863
0.000135089
0.000136311
0.000137531
0.000138749
0.000139963
0.000141174
0.000142383
0.000143588
0.000144791
0.00014599
0.000147187
0.000148382
0.000149573
0.000150762
0.000151947
0.000153129
0.000154311
0.000155488
0.000156664
0.000157835
0.000159007
0.000160174
0.000161339
0.000162502
0.000163662
0.00016482
0.000165975
0.00016713
0.00016828
0.000169429
0.000170577
0.000171722
0.000172865
0.000174006
0.000175145
0.000176283
0.000177419
0.000178554
0.000179687
0.000180819
0.000181949
0.000183078
0.000184206
0.000185334
0.00018646
0.000187585
0.000188709
0.000189833
0.000190958
0.00019208
0.000193204
0.000194328
0.00019545
0.000196574
0.000197698
0.000198823
0.000199947
0.000201074
0.000202201
0.000203329
0.000204459
0.000205588
0.000206722
0.000207857
0.000208992
0.000210132
0.000211272
0.000212417
0.000213563
0.000214713
0.000215865
0.000217023
0.000218182
0.000219346
0.000220514
0.000221687
0.000222863
0.000224046
0.000225233
0.000226424
0.000227622
0.000228826
0.000230035
0.00023125
0.000232473
0.000233703
0.000234939
0.000236182
0.000237433
0.000238693
0.00023996
0.000241236
0.00024252
0.000243814
0.000245116
0.000246429
0.000247751
0.000249084
0.000250427
0.000251781
0.000253145
0.000254522
0.000255909
0.000257309
0.000258721
0.000260146
0.000261583
0.000263034
0.000264498
0.000265976
0.000267468
0.000268974
0.000270496
0.000272032
0.000273583
0.00027515
0.000276733
0.000278332
0.000279948
0.000281581
0.000283229
0.000284897
0.000286582
0.000288283
0.000290005
0.000291744
0.000293502
0.00029528
0.000297076
0.000298893
0.000300729
0.000302585
0.000304462
0.00030636
0.000308278
0.000310217
0.000312179
0.000314161
0.000316165
0.000318192
0.000320241
0.000322312
0.000324406
0.000326523
0.000328663
0.000330826
0.000333012
0.000335223
0.000337457
0.000339715
0.000341996
0.000344303
0.000346633
0.000348987
0.000351367
0.000353771
0.000356199
0.000358651
0.000361129
0.000363631
0.00036616
0.000368712
0.000371289
0.000373891
0.000376517
0.000379169
0.000381846
0.000384547
0.000387273
0.000390023
0.000392798
0.000395597
0.00039842
0.000401268
0.000404139
0.000407035
0.000409953
0.000412895
0.00041586
0.000418849
0.000421859
0.000424892
0.000427948
0.000431024
0.000434124
0.000437242
0.000440383
0.000443544
0.000446724
0.000449925
0.000453145
0.000456383
0.000459639
0.000462913
0.000466204
0.000469512
0.000472836
0.000476175
0.000479531
0.000482899
0.000486282
0.000489678
0.000493087
0.000496506
0.000499938
0.000503379
0.000506831
0.00051029
0.000513758
0.000517234
0.000520715
0.000524202
0.000527695
0.000531191
0.000534689
0.000538191
0.000541693
0.000545196
0.000548698
0.000552198
0.000555696
0.00055919
0.00056268
0.000566164
0.000569641
0.00057311
0.000576571
0.000580022
0.000583462
0.00058689
0.000590306
0.000593707
0.000597092
0.000600462
0.000603814
0.000607148
0.000610462
0.000613756
0.000617027
0.000620277
0.000623502
0.000626702
0.000629876
0.000633023
0.000636143
0.000639232
0.000642292
0.00064532
0.000648318
0.000651281
0.000654211
0.000657106
0.000659966
0.000662789
0.000665574
0.000668323
0.000671032
0.000673702
0.000676331
0.000678921
0.000681469
0.000683976
0.00068644
0.000688862
0.000691242
0.000693579
0.000695872
0.000698122
0.000700328
0.000702492
0.000704612
0.000706689
0.000708724
0.000710716
0.000712664
0.000714573
0.000716439
0.000718266
0.000720053
0.000721802
0.000723512
0.000725187
0.000726824
0.000728428
0.000729999
0.000731539
0.000733048
0.000734529
0.000735984
0.000737414
0.000738822
0.000740208
0.000741578
0.000742931
0.000744271
0.000745599
0.000746919
0.000748235
0.000749547
0.00075086
0.000752177
0.000753499
0.000754832
0.000756179
0.000757542
0.000758926
0.000760333
0.000761768
0.000763236
0.000764738
0.00076628
0.000767864
0.000769498
0.000771182
0.000772921
0.000774721
0.000776586
0.000778518
0.000780524
0.000782606
0.000784771
0.000787019
0.000789359
0.000791792
0.000794323
0.000796958
0.000799698
0.000802549
0.000805515
0.000808597
0.000811805
0.000815135
0.000818595
0.000822189
0.000825916
0.000829785
0.000833794
0.000837947
0.000842249
0.000846697
0.000851299
0.000856053
0.000860964
0.000866029
0.000871251
0.000876632
0.000882172
0.00088787
0.000893728
0.000899744
0.000905918
0.000912247
0.000918733
0.000925372
0.000932162
0.0009391
0.000946187
0.000953415
0.00096078
0.000968282
0.000975913
0.00098367
0.000991547
0.000999538
0.00100764
0.00101584
0.00102413
0.00103252
0.00104098
0.00104951
0.00105811
0.00106676
0.00107545
0.00108417
0.00109293
0.00110169
0.00111045
0.00111921
0.00112794
0.00113664
0.0011453
0.0011539
0.00116243
0.00117087
0.00117922
0.00118746
0.00119558
0.00120356
0.0012114
0.00121907
0.00122656
0.00123387
0.00124098
0.00124788
0.00125455
0.00126098
0.00126717
0.0012731
0.00127876
0.00128415
0.00128925
0.00129406
0.00129857
0.00130278
0.00130667
0.00131026
0.00131354
0.0013165
0.00131915
0.00132149
0.00132352
0.00132526
0.0013267
0.00132786
0.00132875
0.00132937
0.00132975
0.00132989
0.00132982
0.00132954
0.00132908
0.00132847
0.00132771
0.00132683
0.00132585
0.0013248
0.00132369
0.00132255
0.00132139
0.00132024
0.00131912
0.00131804
0.001317
0.00131604
0.00131515
0.00131433
0.0013136
0.00131294
0.00131235
0.00131182
0.00131132
0.00131084
0.00131034
0.0013098
0.00130916
0.00130838
0.00130741
0.00130619
0.00130465
0.00130272
0.00130034
0.00129741
0.00129386
0.00128959
0.00128453
0.00127858
0.00127164
0.00126363
0.00125446
0.00124404
0.00123228
0.0012191
0.00120443
0.00118819
0.00117032
0.00115075
0.00112945
0.00110634
0.00108141
0.0010546
0.00102588
0.000995227
0.000962598
0.000927957
0.000891264
0.000852466
0.000811495
0.000768266
0.00072267
0.00067457
0.000623792
0.000570123
0.000513303
0.000453018
0.000388892
0.000320491
0.000247303
0.000168745
8.41489e-05
-7.22706e-06
-0.000106221
-0.000213744
-0.000330798
-0.000458467
-0.000597896
-0.000750316
-0.000916999
-0.00109927
-0.00129847
-0.00151597
-0.0017531
-0.0020112
-0.00229149
-0.00259515
-0.00292321
-0.00327658
-0.00365596
-0.00406185
-0.00449452
-0.00495396
-0.00543985
-0.00595157
-0.00648817
-0.00704836
-0.00763047
-0.00823253
-0.00885221
-0.00948687
-0.0101336
-0.0107892
-0.0114503
-0.0121134
-0.0127747
-0.0134306
-0.0140772
-0.0147109
-0.015328
-0.0159247
-0.0164977
-0.0170434
-0.0175586
-0.0180398
-0.0184838
-0.0188873
-0.0192469
-0.0195591
-0.0198201
-0.0200262
-0.0201733
-0.0202571
-0.0202734
-0.0202177
-0.0200857
-0.0198731
-0.019576
-0.0191908
-0.0187146
-0.0181453
-0.0174813
-0.0167224
-0.0158693
-0.0149239
-0.013889
-0.0127688
-0.0115685
-0.0102944
-0.00895358
-0.00755414
-0.00610475
-0.00461472
-0.00309381
-0.00155213
After 5 times V-cycle, residual is:
4.48282e-05
8.80278e-05
0.000128026
0.000163357
0.000192707
0.000214962
0.000229234
0.000234886
0.000231546
0.00021911
0.000197729
0.000167801
0.000129941
8.49505e-05
3.37875e-05
-2.24811e-05
-8.27068e-05
-0.000145708
-0.000210297
-0.000275324
-0.000339695
-0.000402401
-0.000462536
-0.00051931
-0.000572055
-0.000620234
-0.000663438
-0.000701378
-0.000733885
-0.000760894
-0.000782442
-0.000798646
-0.000809701
-0.00081586
-0.000817427
-0.000814743
-0.000808179
-0.000798121
-0.000784966
-0.000769114
-0.000750958
-0.00073088
-0.000709251
-0.000686418
-0.00066271
-0.000638427
-0.000613847
-0.000589217
-0.00056476
-0.000540667
-0.000517105
-0.000494212
-0.000472103
-0.000450867
-0.000430569
-0.000411257
-0.000392957
-0.000375679
-0.000359417
-0.000344155
-0.000329862
-0.000316501
-0.000304024
-0.000292383
-0.000281521
-0.00027138
-0.0002619
-0.000253024
-0.000244691
-0.000236847
-0.000229434
-0.000222405
-0.00021571
-0.000209305
-0.000203152
-0.000197212
-0.000191457
-0.000185857
-0.000180389
-0.000175034
-0.000169774
-0.000164599
-0.000159498
-0.000154463
-0.00014949
-0.000144577
-0.000139722
-0.000134927
-0.000130193
-0.000125524
-0.000120924
-0.000116396
-0.000111944
-0.000107574
-0.000103291
-9.90984e-05
-9.50001e-05
-9.10001e-05
-8.71022e-05
-8.33089e-05
-7.96212e-05
-7.60432e-05
-7.25732e-05
-6.92136e-05
-6.59631e-05
-6.28225e-05
-5.97882e-05
-5.6862e-05
-5.404e-05
-5.13199e-05
-4.86991e-05
-4.6175e-05
-4.37436e-05
-4.1403e-05
-3.91491e-05
-3.69772e-05
-3.48856e-05
-3.28688e-05
-3.09246e-05
-2.90485e-05
-2.72371e-05
-2.54873e-05
-2.37965e-05
-2.21594e-05
-2.05745e-05
-1.9039e-05
-1.7549e-05
-1.61048e-05
-1.47e-05
-1.33339e-05
-1.20069e-05
-1.07138e-05
-9.45492e-06
-8.22714e-06
-7.03017e-06
-5.86113e-06
-4.7209e-06
-3.60754e-06
-2.51914e-06
-1.4568e-06
-4.17007e-07
5.982e-07
1.59025e-06
2.56265e-06
3.51078e-06
4.43976e-06
5.34728e-06
6.23473e-06
7.10304e-06
7.95173e-06
8.78055e-06
9.59203e-06
1.03845e-05
1.11591e-05
1.1916e-05
1.26557e-05
1.33784e-05
1.40845e-05
1.47738e-05
1.54478e-05
1.61063e-05
1.67493e-05
1.73768e-05
1.79903e-05
1.85896e-05
1.91742e-05
1.97462e-05
2.03044e-05
2.08505e-05
2.13833e-05
2.19041e-05
2.24127e-05
2.2911e-05
2.33969e-05
2.38731e-05
2.43386e-05
2.47933e-05
2.52389e-05
2.56743e-05
2.61009e-05
2.65187e-05
2.69285e-05
2.73284e-05
2.7722e-05
2.81067e-05
2.84842e-05
2.88546e-05
2.92183e-05
2.95742e-05
2.99243e-05
3.02674e-05
3.06059e-05
3.09375e-05
3.12633e-05
3.15837e-05
3.18989e-05
3.22093e-05
3.25137e-05
3.28141e-05
3.31096e-05
3.34003e-05
3.36872e-05
3.39695e-05
3.42473e-05
3.45215e-05
3.47917e-05
3.50583e-05
3.53211e-05
3.55801e-05
3.58358e-05
3.60881e-05
3.63366e-05
3.65824e-05
3.68246e-05
3.70635e-05
3.73002e-05
3.75324e-05
3.77629e-05
3.79895e-05
3.82136e-05
3.84343e-05
3.86533e-05
3.88691e-05
3.90814e-05
3.92914e-05
3.94979e-05
3.97023e-05
3.99033e-05
4.01027e-05
4.02985e-05
4.04918e-05
4.0682e-05
4.087e-05
4.10535e-05
4.12364e-05
4.14156e-05
4.15918e-05
4.17657e-05
4.19356e-05
4.21032e-05
4.22685e-05
4.24303e-05
4.25888e-05
4.27455e-05
4.28979e-05
4.3048e-05
4.31952e-05
4.33397e-05
4.34804e-05
4.3618e-05
4.37531e-05
4.38846e-05
4.40126e-05
4.4139e-05
4.42606e-05
4.43796e-05
4.44957e-05
4.46079e-05
4.47178e-05
4.48237e-05
4.49266e-05
4.50267e-05
4.51231e-05
4.52168e-05
4.53065e-05
4.53934e-05
4.54767e-05
4.55579e-05
4.56346e-05
4.5709e-05
4.57801e-05
4.58468e-05
4.59122e-05
4.59732e-05
4.60316e-05
4.60864e-05
4.6138e-05
4.61871e-05
4.62328e-05
4.62763e-05
4.63152e-05
4.63528e-05
4.63867e-05
4.64171e-05
4.64457e-05
4.64706e-05
4.64931e-05
4.65132e-05
4.653e-05
4.65445e-05
4.6556e-05
4.65653e-05
4.6572e-05
4.65746e-05
4.65775e-05
4.6576e-05
4.65726e-05
4.65667e-05
4.65589e-05
4.65481e-05
4.65362e-05
4.65215e-05
4.65042e-05
4.6485e-05
4.64647e-05
4.64413e-05
4.6417e-05
4.63898e-05
4.63605e-05
4.63306e-05
4.62983e-05
4.62639e-05
4.62289e-05
4.61915e-05
4.6153e-05
4.61123e-05
4.60709e-05
4.60276e-05
4.59834e-05
4.59368e-05
4.589e-05
4.58413e-05
4.57921e-05
4.5741e-05
4.56891e-05
4.5636e-05
4.5581e-05
4.55261e-05
4.547e-05
4.54129e-05
4.5355e-05
4.52961e-05
4.52367e-05
4.5176e-05
4.51143e-05
4.50525e-05
4.499e-05
4.49264e-05
4.48626e-05
4.47981e-05
4.47329e-05
4.46669e-05
4.46008e-05
4.4534e-05
4.44666e-05
4.43995e-05
4.43315e-05
4.42628e-05
4.41941e-05
4.41252e-05
4.40555e-05
4.39861e-05
4.39162e-05
4.3846e-05
4.37753e-05
4.37044e-05
4.36344e-05
4.35627e-05
4.34913e-05
4.34205e-05
4.33491e-05
4.32771e-05
4.32055e-05
4.31337e-05
4.30619e-05
4.299e-05
4.29187e-05
4.28464e-05
4.27743e-05
4.27026e-05
4.26309e-05
4.25584e-05
4.24865e-05
4.24143e-05
4.23431e-05
4.22708e-05
4.21995e-05
4.2128e-05
4.20565e-05
4.19841e-05
4.19127e-05
4.1842e-05
4.17703e-05
4.16985e-05
4.16288e-05
4.15569e-05
4.14867e-05
4.14152e-05
4.13451e-05
4.12744e-05
4.12037e-05
4.11339e-05
4.10635e-05
4.0994e-05
4.09242e-05
4.08544e-05
4.07843e-05
4.07153e-05
4.06463e-05
4.05773e-05
4.05082e-05
4.04395e-05
4.03711e-05
4.03021e-05
4.0234e-05
4.01661e-05
4.00983e-05
4.00303e-05
3.99623e-05
3.98946e-05
3.98279e-05
3.97601e-05
3.96937e-05
3.96261e-05
3.95598e-05
3.94935e-05
3.9427e-05
3.93613e-05
3.92944e-05
3.92289e-05
3.91629e-05
3.90977e-05
3.9032e-05
3.89671e-05
3.89019e-05
3.88365e-05
3.87718e-05
3.87072e-05
3.86428e-05
3.85784e-05
3.85138e-05
3.84509e-05
3.83864e-05
3.83229e-05
3.82588e-05
3.81963e-05
3.81331e-05
3.80698e-05
3.80071e-05
3.79442e-05
3.78818e-05
3.78185e-05
3.77569e-05
3.76948e-05
3.76332e-05
3.75708e-05
3.75099e-05
3.74481e-05
3.73863e-05
3.7326e-05
3.72646e-05
3.7204e-05
3.71431e-05
3.70829e-05
3.70229e-05
3.69624e-05
3.69026e-05
3.68434e-05
3.67832e-05
3.67239e-05
3.66644e-05
3.66062e-05
3.65473e-05
3.64879e-05
3.64298e-05
3.63721e-05
3.63139e-05
3.62559e-05
3.61979e-05
3.61404e-05
3.60835e-05
3.6026e-05
3.59698e-05
3.5913e-05
3.58564e-05
3.57998e-05
3.57441e-05
3.56884e-05
3.56326e-05
3.55781e-05
3.55224e-05
3.54671e-05
3.54132e-05
3.53592e-05
3.53045e-05
3.52518e-05
3.51969e-05
3.51444e-05
3.50916e-05
3.50384e-05
3.49858e-05
3.49338e-05
3.48825e-05
3.483e-05
3.47786e-05
3.47283e-05
3.46767e-05
3.4627e-05
3.45757e-05
3.45266e-05
3.44773e-05
3.44278e-05
3.43787e-05
3.43307e-05
3.4281e-05
3.42348e-05
3.41866e-05
3.4139e-05
3.40913e-05
3.40458e-05
3.39988e-05
3.39527e-05
3.39073e-05
3.38618e-05
3.3818e-05
3.37723e-05
3.37286e-05
3.36849e-05
3.36415e-05
3.35979e-05
3.35561e-05
3.35134e-05
3.34706e-05
3.34298e-05
3.3388e-05
3.3347e-05
3.33064e-05
3.32661e-05
3.32267e-05
3.31877e-05
3.31477e-05
3.3109e-05
3.30711e-05
3.30331e-05
3.29949e-05
3.29583e-05
3.29211e-05
3.28843e-05
3.2848e-05
3.28127e-05
3.27767e-05
3.27416e-05
3.27068e-05
3.26719e-05
3.26378e-05
3.26036e-05
3.25702e-05
3.2537e-05
3.25035e-05
3.24707e-05
3.24395e-05
3.24063e-05
3.23745e-05
3.23425e-05
3.23117e-05
3.22804e-05
3.22488e-05
3.22191e-05
3.21874e-05
3.21575e-05
3.2128e-05
3.20974e-05
3.20683e-05
3.20378e-05
3.2009e-05
3.19788e-05
3.195e-05
3.19204e-05
3.18916e-05
3.18618e-05
3.18338e-05
3.18033e-05
3.17755e-05
3.17452e-05
3.17172e-05
3.16871e-05
3.16583e-05
3.16292e-05
3.15994e-05
3.15698e-05
3.15397e-05
3.151e-05
3.14793e-05
3.14497e-05
3.14181e-05
3.13874e-05
3.13561e-05
3.13242e-05
3.12932e-05
3.12598e-05
3.12275e-05
3.11943e-05
3.11608e-05
3.11258e-05
3.10914e-05
3.10558e-05
3.10205e-05
3.09834e-05
3.09463e-05
3.09087e-05
3.08696e-05
3.08303e-05
3.07906e-05
3.07492e-05
3.07078e-05
3.06651e-05
3.06211e-05
3.05767e-05
3.05314e-05
3.04839e-05
3.04365e-05
3.03881e-05
3.03378e-05
3.02864e-05
3.02343e-05
3.01809e-05
3.01252e-05
3.00696e-05
3.00111e-05
2.99525e-05
2.98908e-05
2.98299e-05
2.97654e-05
2.97011e-05
2.9634e-05
2.95646e-05
2.94948e-05
2.94226e-05
2.9349e-05
2.92735e-05
2.9195e-05
2.91163e-05
2.90348e-05
2.89503e-05
2.88659e-05
2.87779e-05
2.8688e-05
2.85959e-05
2.8502e-05
2.84046e-05
2.83068e-05
2.82049e-05
2.81018e-05
2.7996e-05
2.7887e-05
2.77756e-05
2.76625e-05
2.75463e-05
2.74269e-05
2.73052e-05
2.7182e-05
2.70547e-05
2.69248e-05
2.67917e-05
2.66566e-05
2.65177e-05
2.63759e-05
2.62325e-05
2.60844e-05
2.59342e-05
2.5781e-05
2.56231e-05
2.54642e-05
2.53016e-05
2.51344e-05
2.4965e-05
2.47926e-05
2.46165e-05
2.44365e-05
2.42538e-05
2.40683e-05
2.38787e-05
2.36856e-05
2.34892e-05
2.32892e-05
2.30859e-05
2.28795e-05
2.26692e-05
2.24557e-05
2.22383e-05
2.20178e-05
2.17932e-05
2.15657e-05
2.13346e-05
2.11001e-05
2.08612e-05
2.0619e-05
2.03741e-05
2.01244e-05
1.98725e-05
1.96165e-05
1.93568e-05
1.90952e-05
1.88278e-05
1.85585e-05
1.82853e-05
1.80086e-05
1.77289e-05
1.74453e-05
1.71591e-05
1.68694e-05
1.65761e-05
1.62807e-05
1.59804e-05
1.56784e-05
1.53725e-05
1.50644e-05
1.47527e-05
1.44375e-05
1.41208e-05
1.38003e-05
1.34772e-05
1.31516e-05
1.28227e-05
1.24927e-05
1.21585e-05
1.18233e-05
1.1484e-05
1.11445e-05
1.08011e-05
1.04553e-05
1.01093e-05
9.75986e-06
9.40806e-06
9.05466e-06
8.70061e-06
8.34307e-06
7.98522e-06
7.62508e-06
7.26293e-06
6.9011e-06
6.53606e-06
6.17075e-06
5.8041e-06
5.43616e-06
5.06716e-06
4.69681e-06
4.3262e-06
3.95448e-06
3.58262e-06
3.20898e-06
2.83467e-06
2.46123e-06
2.08524e-06
1.71069e-06
1.33432e-06
9.58627e-07
5.81871e-07
2.04829e-07
-1.72004e-07
-5.4911e-07
-9.26556e-07
-1.30445e-06
-1.68227e-06
-2.0595e-06
-2.43828e-06
-2.81635e-06
-3.19498e-06
-3.57318e-06
-3.95185e-06
-4.3315e-06
-4.70987e-06
-5.09034e-06
-5.47005e-06
-5.84992e-06
-6.23114e-06
-6.61216e-06
-6.99497e-06
-7.37812e-06
-7.76181e-06
-8.14656e-06
-8.53337e-06
-8.92005e-06
-9.3098e-06
-9.69981e-06
-1.0092e-05
-1.04869e-05
-1.08832e-05
-1.12818e-05
-1.16839e-05
-1.20879e-05
-1.24951e-05
-1.29061e-05
-1.33204e-05
-1.37391e-05
-1.41617e-05
-1.45874e-05
-1.50209e-05
-1.54565e-05
-1.58984e-05
-1.63476e-05
-1.6799e-05
-1.72606e-05
-1.77286e-05
-1.82016e-05
-1.86847e-05
-1.91743e-05
-1.96723e-05
-2.01795e-05
-2.06951e-05
-2.12217e-05
-2.17558e-05
-2.23039e-05
-2.28586e-05
-2.34276e-05
-2.40072e-05
-2.45991e-05
-2.52032e-05
-2.58216e-05
-2.64503e-05
-2.70966e-05
-2.77543e-05
-2.84297e-05
-2.91181e-05
-2.98218e-05
-3.05436e-05
-3.12808e-05
-3.20336e-05
-3.28029e-05
-3.35941e-05
-3.43995e-05
-3.52241e-05
-3.60677e-05
-3.69312e-05
-3.78136e-05
-3.87134e-05
-3.96359e-05
-4.05784e-05
-4.15405e-05
-4.25233e-05
-4.35285e-05
-4.45525e-05
-4.56008e-05
-4.66687e-05
-4.77592e-05
-4.88711e-05
-5.00052e-05
-5.11621e-05
-5.234e-05
-5.35414e-05
-5.47633e-05
-5.60081e-05
-5.72747e-05
-5.8565e-05
-5.9875e-05
-6.12093e-05
-6.25638e-05
-6.39389e-05
-6.5338e-05
-6.67556e-05
-6.8197e-05
-6.9659e-05
-7.11406e-05
-7.26435e-05
-7.41665e-05
-7.57086e-05
-7.72712e-05
-7.88542e-05
-8.04558e-05
-8.20776e-05
-8.37153e-05
-8.53762e-05
-8.70534e-05
-8.87481e-05
-9.04639e-05
-9.21974e-05
-9.39484e-05
-9.57205e-05
-9.75093e-05
-9.93173e-05
-0.000101146
-0.000102992
-0.00010486
-0.000106749
-0.000108659
-0.00011059
-0.000112544
-0.000114521
-0.000116525
-0.000118554
-0.000120611
-0.000122696
-0.000124811
-0.000126957
-0.000129137
-0.000131354
-0.000133605
-0.000135898
-0.00013823
-0.000140607
-0.00014303
-0.000145499
-0.00014802
-0.000150594
-0.000153222
-0.000155909
-0.000158654
-0.000161465
-0.000164337
-0.000167279
-0.000170288
-0.000173371
-0.000176527
-0.000179757
-0.000183066
-0.000186454
-0.000189922
-0.000193473
-0.000197104
-0.000200822
-0.000204625
-0.000208514
-0.000212488
-0.00021655
-0.000220695
-0.000224928
-0.000229248
-0.000233653
-0.000238143
-0.000242718
-0.000247375
-0.000252115
-0.000256936
-0.000261838
-0.000266817
-0.000271873
-0.000277003
-0.000282207
-0.000287482
-0.000292825
-0.000298232
-0.000303704
-0.000309235
-0.00031482
-0.000320459
-0.000326142
-0.000331866
-0.000337623
-0.000343409
-0.000349213
-0.000355023
-0.000360833
-0.000366627
-0.000372391
-0.00037811
-0.000383767
-0.00038934
-0.000394807
-0.000400144
-0.000405323
-0.000410315
-0.000415088
-0.000419605
-0.000423828
-0.00042772
-0.000431231
-0.000434321
-0.000436935
-0.000439027
-0.000440536
-0.000441409
-0.00044159
-0.000441014
-0.000439617
-0.000437338
-0.000434108
-0.000429859
-0.000424521
-0.000418021
-0.000410283
-0.000401231
-0.00039078
-0.000378843
-0.000365328
-0.000350128
-0.000333134
-0.000314218
-0.00029324
-0.000270047
-0.000244455
-0.000216273
-0.000185274
-0.000151219
-0.000113842
-7.28534e-05
-2.79599e-05
2.1153e-05
7.47858e-05
0.000133233
0.000196753
0.000265559
0.000339792
0.0004195
0.000504612
0.000594913
0.000690024
0.00078937
0.000892177
0.000997441
0.00110394
0.00121023
0.00131465
0.00141534
0.00151032
0.00159744
0.00167453
0.00173939
0.00178989
0.001824
0.00183991
0.00183607
0.00181121
0.00176448
0.00169542
0.00160403
0.00149077
0.00135658
0.00120287
0.00103149
0.000844711
0.000645139
0.000435699
0.000219548
Max_norm of error vector is 1.49819e-06
Run V_cycle_1024.m by matlab to get the reduction rate of the residuals.
All done!
